0.441179
0.882358
1.31193
1.7415
2.17107
2.60063
3.01859
3.44816
3.87773
4.3073
4.73687
5.16644
5.59601
6.02558
6.45515
6.88472
7.31429
7.74385
8.16181
8.59138
9.02095
9.45052
9.88009
10.3097
10.7392
11.1688
11.5984
12.0279
12.4575
12.8871
13.3166
13.7462
14.1642
14.5937
15.0233
15.4529
15.8824
16.312
16.7416
17.1595
17.5891
18.0187
18.4483
18.8778
19.3074
19.737
20.1665
20.5961
21.0257
21.4552
21.8848
22.3144
22.7323
23.1619
23.5915
24.021
24.4506
24.8802
25.3097
25.7393
26.1689
26.5985
27.028
27.4576
27.8756
28.3051
28.7347
29.1643
29.5938
30.0234
30.453
30.8825
31.3121
31.7417
32.1712
32.6008
33.0304
33.46
33.8779
34.3075
34.7371
35.1666
35.5962
36.0258
36.4553
36.8849
37.3145
37.744
38.1736
38.5916
39.0211
39.4623
39.8803
40.3098
40.7394
41.169
41.5985
42.0165
42.4461
42.8756
43.3052
43.7348
44.1644
44.5939
45.0235
45.4531
45.8826
46.3122
46.7418
47.1713
47.5893
48.0189
48.4484
48.878
49.3076
49.7488
50.1667
50.5963
51.0258
51.4554
51.885
52.3146
52.7441
53.1737
53.5917
54.0212
54.4508
54.8804
55.3099
55.7395
56.1691
56.5986
57.0282
57.4578
57.8873
58.3169
58.7349
59.1644
59.594
60.0236
60.4532
60.8827
61.3123
61.7419
62.1714
62.601
63.019
63.4485
63.8781
64.3077
64.7372
65.1668
65.5964
66.0259
66.4555
66.8851
67.303
67.7326
68.1622
68.5917
69.0213
69.4509
69.8805
70.31
70.7396
71.1692
71.5987
72.0283
72.4579
72.8758
73.3054
73.735
74.1645
74.5941
75.0237
75.4532
75.8828
76.3124
76.742
77.1715
77.5895
78.019
78.4486
78.8782
79.3078
79.7373
80.1669
80.5965
81.026
81.4556
81.8852
82.3147
82.7443
83.1739
83.6034
84.033
84.4626
84.8805
85.3101
85.7397
86.1693
86.5988
87.0284
87.458
87.8875
88.3055
88.7351
89.1646
89.5942
90.0238
90.4533
90.8829
91.3125
91.742
92.1716
92.6012
93.0191
93.4487
93.8783
94.3078
94.7374
95.167
95.5965
96.0261
96.4557
96.8853
97.3032
97.7328
98.1624
98.5919
99.0215
99.4511
99.8806
100.31
100.74
101.169
101.599
102.028
102.458
102.888
103.306
103.735
104.165
104.594
105.024
105.453
105.883
106.313
106.742
107.16
107.59
108.019
108.449
108.878
109.308
109.738
110.167
110.597
111.026
111.456
111.885
112.315
112.744
113.174
113.592
114.022
114.451
114.881
115.31
115.74
116.169
116.599
117.029
117.458
117.876
118.306
118.735
119.165
119.594
120.024
120.454
120.883
121.313
121.742
122.172
122.601
123.031
123.46
123.878
124.308
124.738
125.167
125.597
126.026
126.456
126.885
127.315
127.745
128.174
128.604
129.022
129.451
129.881
130.31
130.74
131.17
131.599
132.029
132.458
132.888
133.306
133.735
134.165
134.594
135.024
135.454
135.883
136.313
136.742
137.172
137.601
138.031
138.461
138.879
139.308
139.738
140.167
140.597
141.026
141.456
141.886
142.303
142.733
143.163
143.592
144.022
144.451
144.881
145.31
145.74
146.17
146.599
147.029
147.47
147.923
148.376
148.828
149.281
149.734
150.187
150.639
151.092
151.545
151.998
152.451
152.903
153.356
153.809
