0.464399
0.928798
1.3932
1.8576
2.322
2.77478
3.22757
3.69197
4.15637
4.62077
5.08517
5.54957
6.01397
6.46676
6.91955
7.38395
7.84834
8.31274
8.77714
9.24154
9.70594
10.1587
10.6115
11.0759
11.5403
12.0047
12.4691
12.9335
13.3979
13.8507
14.3035
14.7679
15.2323
15.6967
16.1611
16.6139
17.0667
17.5311
17.9955
18.4599
18.9243
19.3887
19.8415
20.2942
20.7586
21.223
21.6874
22.1518
22.6162
23.069
23.5218
23.9862
24.4506
24.915
25.3794
25.8438
26.3082
26.7726
27.237
27.6898
28.1426
28.607
29.0714
29.5358
30.0002
30.4646
30.929
31.3934
31.8578
32.3106
32.7634
33.2278
33.6922
34.1566
34.621
35.0854
35.5498
36.0025
36.4553
36.9197
37.3841
37.8485
38.3129
38.7773
39.2417
39.6945
40.1473
40.6117
41.0761
41.5405
42.0049
42.4693
42.9337
43.3981
43.8509
44.3037
44.7681
45.2325
45.6969
46.1613
46.6141
47.0668
47.5312
47.9956
48.46
48.9244
49.3888
49.8416
50.2944
50.7588
51.2232
51.6876
52.152
52.6164
53.0808
53.5452
54.0096
54.474
54.9268
55.3796
55.844
56.3084
56.7728
57.2372
57.7016
58.1544
58.6072
59.0716
59.536
60.0004
60.4648
60.9292
61.382
61.8347
62.2991
62.7635
63.2279
63.6923
64.1567
64.6211
65.0855
65.5499
66.0027
66.4555
66.9199
67.3843
67.8487
68.3015
68.7659
69.2187
69.6831
70.1475
70.6119
71.0763
71.5407
72.0051
72.4695
72.9339
73.3867
73.8395
74.3039
74.7682
75.2327
75.6971
76.1615
76.6142
77.0786
77.5314
77.9958
78.4602
78.9246
79.389
79.8534
80.3062
80.759
81.2234
81.6878
82.1522
82.6166
83.081
83.5454
84.0098
84.4626
84.9154
85.3798
85.8442
86.3086
86.773
87.2374
87.7018
88.1546
88.6073
89.0717
89.5361
90.0005
90.4649
90.9293
91.3937
91.8581
92.3109
92.7637
93.2281
93.6925
94.1569
94.6213
95.0857
95.5501
96.0029
96.4557
96.9201
97.3845
97.8489
98.3133
98.7777
99.2305
99.6833
100.148
100.612
101.076
101.541
102.005
102.47
102.934
103.375
103.84
104.304
104.768
105.233
105.697
106.162
106.614
107.067
107.532
107.996
108.46
108.925
109.389
109.854
110.306
110.759
111.224
111.688
112.152
112.617
113.081
113.546
114.01
114.463
114.927
115.392
115.844
116.309
116.773
117.238
117.69
118.143
118.608
119.072
119.536
120.001
120.465
120.93
121.394
121.847
122.311
122.764
123.228
123.693
124.157
124.621
125.086
125.55
126.015
126.467
126.92
127.361
127.826
128.302
128.766
129.231
129.695
130.148
130.612
131.077
131.541
132.005
132.47
132.934
133.399
133.851
134.304
134.769
135.233
135.697
136.162
136.626
137.091
137.543
137.996
138.461
138.925
139.389
139.854
140.318
140.783
141.235
141.688
142.153
142.617
143.081
143.546
144.01
144.475
144.927
145.38
145.845
146.309
146.773
147.238
147.702
148.167
148.631
149.084
149.536
150.001
150.465
150.93
151.382
151.847
152.3
152.764
153.228
153.693
154.157
154.622
155.074
155.527
155.992
156.456
156.92
157.385
157.849
158.314
158.778
159.242
159.684
160.148
160.612
161.077
161.541
162.006
162.458
162.911
163.376
163.84
164.304
164.769
165.233
165.686
166.139
166.603
167.068
167.532
167.996
168.472
168.925
169.39
169.854
170.307
170.76
171.224
171.688
172.153
172.617
173.082
173.546
174.01
174.463
174.916
175.38
175.845
176.309
176.774
177.238
177.702
178.155
178.608
179.049
179.502
179.931
180.361
180.791
181.232
181.58
181.928
182.277
182.625
182.973
183.333
183.693
184.053
