15/10/2016 01:03:05
0 
1 
1 
0 
0 
0 
TUE 13/12
apt
0 
0 
0 



0 



0 







0 



0 



0 




0 



0 


0 



0 





0 



0 







0 



0 

















0 







0 
























































0 
0 
0 
0 
0 
0 
0 
0 
0 
0 
0 
0 
0 
0 
0 
0 
0 
0 
0 
0 
0 
0 
0 
0 
0 
0 
0 
0 
0 
0 
0 
0 
0 
0 
0 
0 
0 
0 
1 
0 
0 
0 
0 
0 
0 
0 
0 
0 
0 
1 
0 
0 
0 
0 
0 
0 
0 
0 
0 
0 
0 
0 
0 












0 
0 
0 
0 
0 
0 
0 
0 
0 
0 
0 
0 
